| ==== Lista Rankingowa ==== |
| PID | Numer | Matura | Cz. teoretyczna | Cz. praktyczna | Ostateczny wynik |
|-----|-------|--------|----------------|----------------|----------------|
| 6879 | 76 | TAK | 88.752946 | 79.877686 | 84.315316 |
| 6895 | 91 | TAK | 62.034767 | 85.445056 | 73.739911 |
| 6827 | 24 | TAK | 67.976412 | 77.292645 | 72.634529 |
| 6851 | 48 | TAK | 50.756540 | 92.809405 | 71.782973 |
| 6869 | 66 | TAK | 74.777922 | 67.380439 | 71.079181 |
| 6877 | 74 | TAK | 55.841107 | 85.406780 | 70.623944 |
| 6817 | 14 | TAK | 41.414643 | 96.032715 | 68.723679 |
| 6859 | 56 | TAK | 50.474206 | 86.935706 | 68.704956 |
| 6871 | 68 | TAK | 82.339747 | 54.062454 | 68.201100 |
| 6820 | 17 | TAK | 58.001296 | 77.999898 | 68.000597 |
| 6819 | 16 | TAK | 59.196089 | 76.002632 | 67.599360 |
| 6885 | 82 | TAK | 71.929936 | 62.216328 | 67.073132 |
| 6875 | 72 | TAK | 71.026002 | 60.461183 | 65.743593 |
| 6843 | 40 | TAK | 75.410284 | 54.786427 | 65.098356 |
| 6888 | 85 | TAK | 64.802540 | 64.868511 | 64.835526 |
| 6865 | 62 | TAK | 76.093133 | 53.415611 | 64.754372 |
| 6822 | 19 | TAK | 54.955819 | 69.418912 | 62.187365 |
| 6880 | 77 | TAK | 68.759453 | 55.569343 | 62.164398 |
| 6884 | 81 | TAK | 56.236813 | 67.099049 | 61.667931 |
| 6837 | 34 | TAK | 60.446668 | 60.690816 | 60.568742 |
| 6836 | 33 | TAK | 64.481449 | 56.375477 | 60.428463 |
| 6881 | 78 | TAK | 57.019840 | 61.455854 | 59.237847 |
| 6824 | 21 | TAK | 53.365339 | 64.331492 | 58.848415 |
| 6828 | 25 | TAK | 62.452911 | 54.194839 | 58.323875 |
| 6887 | 84 | TAK | 48.997788 | 67.093655 | 58.045722 |
| 6845 | 42 | TAK | 58.167318 | 57.794865 | 57.981092 |
| 6811 | 8 | TAK | 53.845230 | 61.450592 | 57.647911 |
| 6897 | 93 | TAK | 38.634778 | 76.230057 | 57.432417 |
| 6858 | 55 | TAK | 52.830437 | 61.670898 | 57.250667 |
| 6833 | 30 | TAK | 43.545914 | 70.800514 | 57.173214 |
| 6806 | 3 | TAK | 68.232738 | 45.211738 | 56.722238 |
| 6826 | 23 | TAK | 45.208564 | 66.943854 | 56.076209 |
| 6849 | 46 | TAK | 63.461755 | 48.627648 | 56.044702 |
| 6818 | 15 | TAK | 65.032035 | 46.843312 | 55.937673 |
| 6847 | 44 | TAK | 46.034033 | 65.788467 | 55.911250 |
| 6839 | 36 | TAK | 51.222363 | 58.652105 | 54.937234 |
| 6894 | 90 | TAK | 48.332332 | 60.281832 | 54.307082 |
| 6883 | 80 | TAK | 43.944421 | 64.538431 | 54.241426 |
| 6864 | 61 | TAK | 44.468548 | 62.821892 | 53.645220 |
| 6823 | 20 | TAK | 57.691334 | 49.422831 | 53.557082 |
| 6890 | 86 | TAK | 60.942556 | 45.634510 | 53.288533 |
| 6834 | 31 | TAK | 43.743291 | 62.308770 | 53.026030 |
| 6831 | 28 | TAK | 63.647427 | 41.504160 | 52.575794 |
| 6852 | 49 | TAK | 31.954410 | 72.667141 | 52.310776 |
| 6825 | 22 | TAK | 59.094181 | 44.806523 | 51.950352 |
| 6807 | 4 | TAK | 50.446218 | 52.625389 | 51.535803 |
| 6892 | 88 | TAK | 39.397966 | 63.295699 | 51.346832 |
| 6860 | 57 | TAK | 50.389185 | 52.102071 | 51.245628 |
| 6898 | 94 | TAK | 60.837683 | 41.253595 | 51.045639 |
| 6813 | 10 | TAK | 64.105475 | 37.634727 | 50.870101 |
| 6840 | 37 | TAK | 37.183937 | 64.092745 | 50.638341 |
| 6863 | 60 | TAK | 41.107677 | 59.580813 | 50.344245 |
| 6861 | 58 | TAK | 55.763654 | 44.694947 | 50.229300 |
| 6832 | 29 | TAK | 43.410914 | 56.537216 | 49.974065 |
| 6876 | 73 | TAK | 56.029556 | 43.191732 | 49.610644 |
| 6874 | 71 | TAK | 51.779246 | 45.985293 | 48.882270 |
| 6862 | 59 | TAK | 35.649077 | 61.914333 | 48.781705 |
| 6867 | 64 | TAK | 40.755373 | 56.274026 | 48.514700 |
| 6816 | 13 | TAK | 48.794555 | 47.891424 | 48.342990 |
| 6856 | 53 | TAK | 61.522147 | 34.959625 | 48.240886 |
| 6868 | 65 | TAK | 49.029943 | 46.791569 | 47.910756 |
| 6878 | 75 | TAK | 37.190292 | 58.368624 | 47.779458 |
| 6838 | 35 | TAK | 67.043379 | 26.893635 | 46.968507 |
| 6891 | 87 | TAK | 61.703872 | 32.022143 | 46.863007 |
| 6886 | 83 | TAK | 41.118553 | 51.811900 | 46.465226 |
| 6846 | 43 | TAK | 49.446577 | 42.086606 | 45.766591 |
| 6900 | 96 | TAK | 44.189126 | 46.693645 | 45.441386 |
| 6853 | 50 | TAK | 40.465308 | 49.253344 | 44.859326 |
| 6808 | 5 | TAK | 61.712764 | 26.916384 | 44.314574 |
| 6821 | 18 | TAK | 38.614618 | 49.859687 | 44.237152 |
| 6814 | 11 | TAK | 47.971959 | 40.363892 | 44.167926 |
| 6857 | 54 | TAK | 49.174696 | 39.080721 | 44.127709 |
| 6805 | 2 | TAK | 50.265895 | 37.620784 | 43.943339 |
| 6804 | 1 | TAK | 38.875390 | 48.165656 | 43.520523 |
| 6893 | 89 | TAK | 52.142954 | 33.437005 | 42.789980 |
| 6901 | 97 | TAK | 51.835229 | 31.941273 | 41.888251 |
| 6899 | 95 | TAK | 53.197707 | 30.399502 | 41.798604 |
| 6829 | 26 | TAK | 37.212848 | 45.297273 | 41.255060 |
| 6830 | 27 | TAK | 33.737900 | 48.367950 | 41.052925 |
| 6854 | 51 | TAK | 37.695006 | 44.133141 | 40.914073 |
| 6835 | 32 | TAK | 56.006401 | 22.924792 | 39.465597 |
| 6812 | 9 | TAK | 31.284575 | 40.711368 | 35.997972 |
| 6842 | 39 | TAK | 56.409202 | 14.217034 | 35.313118 |
| 6882 | 79 | TAK | 40.634699 | 28.512091 | 34.573395 |
| 6844 | 41 | TAK | 50.539159 | 17.155081 | 33.847120 |
| 6870 | 67 | TAK | 34.702021 | 32.791728 | 33.746874 |
| 6896 | 92 | TAK | 36.008385 | 26.252548 | 31.130466 |
| 6841 | 38 | TAK | 34.847132 | 22.608414 | 28.727773 |
| 6866 | 63 | TAK | 36.320566 | 20.098344 | 28.209455 |
| 6873 | 70 | TAK | 34.488952 | 11.585282 | 23.037117 |
| 6872 | 69 | TAK | 23.476142 | 0.000000 | 0.000000 |
| 6855 | 52 | TAK | 19.435716 | 0.000000 | 0.000000 |
| 6850 | 47 | TAK | 25.108463 | 0.000000 | 0.000000 |
| 6848 | 45 | NIE | -1.000000 | 0.000000 | 0.000000 |
| 6815 | 12 | TAK | 25.089444 | 0.000000 | 0.000000 |
| 6810 | 7 | TAK | 29.995700 | 0.000000 | 0.000000 |
| 6809 | 6 | TAK | 27.538839 | 0.000000 | 0.000000 |
| 6803 | 0 | TAK | 28.412863 | 0.000000 | 0.000000 |
